set width=50
set height=50
set box=1
set name="hello world"
8
106
10440
11
11
11
27
27
27
27
10536
1
1897888
47584
106272
104417
11
11
18984
19824
6328
10864
797
27008
6288
27624
42088
165806
18920
86448
233600
123904
115544
264312
132032
123368
52616
420952
52576
82064
106936
175760
150680
39984
123424
19040
115512
82248
323104
73176
64840
127144
65792
35568
1211
3482
5
903
48192
51520
68832
268624
122648
27304
18984
52672
6
2668
10472
5680
60616
23136
2406
14180
6027
1382
10368
6
64504
18936
14800
27352
175904
122632
5338
2763
27184
1038
2258216
1939
3007
273
1547
2353
56168
35264
5
23200
69656
10432
14640
319744
10440
18848
18952
163416
2044
52112
23
140376
10448
10456
2
2
21
22600
136976
43488
35240
6859
152
10352
85112
10352
331
2593
28
2158
25
1266
24
1719
100808
125952
14728
10440
295256
41
88768
10616
15032
98784
90848
65520
86168
14600
8
10456
28
204280
27
115488
26
198688
29
5825
26
83880
459944
18968
10416
281624
14624
26888
397024
10456
1653
15974
6043
3923
1374
4043
1947
1054
27224
36601
21
428
21
451
3899
4
31848
23768
40966
13669
14664
14256
3
3373
167544
20
61224
629872
5
32071
58281
14568
58984
9
10520
64208
11995
513
519
6200
29359
41864
3676
10480
37128
19152
31024
23544
10448
10672
115811
39344
6264
10456
21
44
23432
10432
10368
10360
10336
6232
10440
39392
10496
12336
3144
6
251080
11
10480
1054
1067
7243
10472
10472
6300
10285
63
63
2513
57
11837
22410
3339
536
7
255192
30744
36952
117488
18808
31
43720
18800
6
39192
14256
59392
51744
45
14544
80616
355
2508
27256
14704
18912
47520
10352
14640
10312
10328
43208
285424
11024
10376
2758
11541
608
1719
647
2985
1827
3622
6
6
2038
6
17711
6
6
6288
49944
41800
31048
159568
40712
18968
8501
23232
2527
1761
21502
9379
26251
11378
77448
27456
132320
43496
12
35248
17143
10472
26896
990080
2402
528224
15128
413992
256296
11361
109592
47784
6139
97128
24077
290528
40384
101216
593
13
16120
43216
47448
55504
22696
1098
27744
23720
55704
4591
52280
52280
56408
56408
6
1054
232280
595208
3257
43872
193000
3081
27720
31848
43472
27576
2728
51832
11
24
58616
106672
27744
318216
10408
39219
14696
10432
35264
31264
532448
22
671
14464
12307
161384
2673
6
3879
21
50
22
10376
25
9
10328
2854
14560
2050
10336
10384
10328
10312
10328
10424
19248
6
14696
35496
27128
96952
14776
179384
2919
39736
27256
18872
134408
18792
18880
43864
43688
404784
44712
10616
150648
50
20
31848
1133
155208
39376
19136
113264
30976
8
2748
10464
3136
752
1278
39360
14976
14616
14536
10328
10344
89672
52280
81256
101448
18688
390896
229848
24107
4603
23472
11
31
14560
1564
599
2147
694
1304
479
699
857
732
427
309632
4
14608
43488
29693
831
39392
339
3244
552
35152
75880
16637
76096
18064
76936
19262
75968
16944
75848
17592
71744
16924
71744
16164
71744
172200
1689
18515
43344
4858
136795
16
80200
4000
8604
9189
35088
107336
2487
10424
3712
15456
10360
14552
14832
10432
168232
21
23136
17712
78
78
6280
204856
7
251096
125416
52496
68
27
64736
1863
8
35312
4085008
132296
126
3933
3094
3871
9228
7084
43
14920
19496
61112
688064
8
10472
23040
596808
89800
3
6333
22800
5832
23672
23560
6216
10368
6883
15
15008
31240
4653
12100
43376
27016
26960
27544
18936
2
18688
8
4701808
16
2303928
40512
58440
28176
14736
4
10488
23192
14712
27208
831
37070
83336
234104
2205
56888
2205
10576
9
9
168
128128
73744
120240
107672
69656
9503
8579
27728
4
65592
107800
14968
679856
871
73832
115376
73816
10440
570280
16
10392
201456
44168
77624
156976
15432
61824
66064
176504
223344
65624
10944
50
69864
113328
244816
301272
1394
35
23128
44632
173568
115240
23352
4504
1337440
1094184
10424
59752
897248
288920
167640
3302
39512
43856
339568
3
44376
14648
94384
81480
6176
94472
2431
79920
104144
83792
61444
9269
113392
100048
149744
100144
35296
242720
98224
93032
27112
19080
19304
47800
5104
10408
376
378
381
27272
379
376
303
3173
40096
31648
14832
1734
23144
31656
41
29720
3
14504
42
40
95024
74160
10664
10904
15000
879
15168
10568
10456
10448
27488
10808
10632
10464
10560
10904
10664
10568
10728
478456
104408
27960
60385
19112
14864
10640
10672
10768
10680
14984
15152
54256
7
43520
2126
26960
58440
10440
116232
35232
23
23
23
26
21
26
23
22
24
25
14672
27
24
23
23
22
23
26
26
24
118928
603680
7
131088
1042
1131
10866
27088
10456
60272
39440
10504
18760
39832
17
44000
47464
14184
10456
10472
1460
35448
178024
29
51824
20824
3
97448
930
58
4336
482
10496
10456
10480
22752
10432
18920
163664
326688
163632
6715
14750
18845
3715
47664
10312
27040
30976
1938912
552
147792
147792
14792
6240
48736
10432
12
6240
82272
31880
1735
275896
65040
106416
18952
6248
6264
6240
6248
6248
27080
27400
27400
27408
266
23072
23096
65248
6240
48464
14704
14704
44352
85312
90680
168992
14592
18992
6248
140152
10552
31424
228800
6248
73816
40480
6248
6248
14704
10496
19408
14760
35736
23120
23160
6240
149232
23208
1690
1905
2097
1664
217776
6248
14688
6240
6248
81864
156808
345272
139320
2163
127504
6248
6240
39
27416
244936
5122
124016
61504
118640
648936
124080
6280
8
6288
10384
3457
1441
15464
8
18888
40304
248056
27
207888
18888
130960
173368
18944
14728
6240
48104
14688
6248
145200
14704
122000
10520
40000
10432
10552
6248
135088
746144
35848
244832
497656
793784
14736
14784
36016
3074
6248
94216
6248
292552
6240
18824
6256
14696
18880
19016
6240
10544
51784
81272
380424
18784
4
14680
6
237
58472
7812
558824
5905
10464
9
13
13
12
13
4
142136
899512
1353
15724
6248
35232
1503
7
7
10440
10792
43608
14896
13
23016
38632
322720
24
14760
14760
14760
14760
15312
35248
10392
43608
3369
18352
47872
14336
14256
14336
14256
10160
26840
10504
3638
22976
23136
540888
135328
57400
1081
2479
13
136344
42152
8080
2607
2389
14519
15062
427
2
4
105144
3725
207992
10424
159352
14760
14760
14760
165888
2524
18686
80552
18624
246936
265592
627
85432
18944
6
134
117768
6
114440
10448
6
6
1679
6
840
14704
6
43520
6
14560
6
6
6
6
44240
3667088
10344
556880
10432
28240
28320
254216
245488
6
51624
10440
20104
6
16163
8325
39360
131
32368
947
11
10456
171
83
14704
641
7
5830
3847
9126
4830
23064
6
35352
6
6
6
3709
10472
2520272
10472
838
61296
6
4623624
6
6
24218
10392
10376
6
177840
6
62368
6501
10432
6
777
92
6
14944
9
1802624
102208
589928
568984
27720
22
25584
5248
5259
10424
129992
6248
27400
271
21
26554
6383008
85384
32384
31256
39376
109264
40696
374264
365664
23392
27
1136000
12001
39408
3403
116040
44
64984
131408
44
18952
59424
9552
257
1551840
186488
47
58440
147704
211616
276096
20320
59952
7566
6216
61480
225752
414384
17
387
76
56296
57
57
52
61
60
57
56
59
7
444928
54344
6027
3626
4
10480
39920
10512
43912
2314
23
137512
18744
14560
10440
10456
10440
10448
10448
10464
1343
19248
10456
5
5
8704
18704
42856
39376
14768
97056
31072
35264
14632
10456
6312
10408
10424
14528
14664
10496
10488
14648
10440
10728
10448
10408
10440
10400
14496
17696
10448
10432
10424
10488
10440
10472
10416
10464
10432
10424
6296
26912
12136
6312
6296
10440
10440
10416
10440
22680
10760
47584
14576
6
23
735
940
10488
8490
6
19040
31424
23360
6
10512
586
19710
642896
14848
77128
19104
19072
19272
10416
10416
38086
125
12329
11650
534
550
14472
10
31392
6312
14640
10416
10424
10424
10408
6336
7
6
10408
10416
26840
10416
10448
17096
10440
18912
6320
10440
238184
3011
22
6669
2314
15350
2546
1026
2338
26
107232
152104
30
43632
10512
10552
10544
52504
14880
23694
56440
27432
5
14856
22888
18752
4531
6248
283176
128696
35616
48672
52728
146
981
14680
22968
632688
10448
10448
10464
14600
10480
43232
10536
14560
10440
10440
10432
10488
14576
10472
10472
4609
10
14
6328
1768
14608
18752
13
10456
10480
10456
10424
2429
14680
14608
18664
14568
10472
10480
10520
6320
14616
180776
10424
18864
18728
6320
31328
18712
10488
39624
10488
10408
18776
18712
10480
2338
10255
20682
8083
3344
3683
2526
2837
27600
14616
27768
6232
19000
18688
1625
14656
190224
14520
10456
10432
26960
10456
6304
10432
10440
10480
11661
10440
22824
10424
10488
6304
10432
7
10464
22824
14640
2064
14552
1706
10424
6832
10472
10456
11392
14664
10448
18728
10496
47600
9
10432
10440
9602
81
18696
577104
10448
18688
10416
10440
10464
10448
10448
10448
10432
10480
10512
14664
14680
10416
10448
10432
72368
92016
5656
43640
2987
5656
5656
10400
11
425
35240
51
5640
47648
10544
7935
786
33104
2822
24
260
260
260
1127
673
704
8
4286
19088
53325
9
9
9
18672
10440
1446
2700
27616
23496
19096
18816
27624
19080
6
36601
2976
2514
137984
452
71712
7962
776
635
11965
10456
3752
3723
90307
8
79
12
22103
545
9
9
2554064
29
292640
60704
56568
58472
10432
10440
2195
2794304
56168
27248
10408
1495
563
6304
76560
399
419
382
1171
84816
72408
821
9525
10440
10480
10432
101304
4570
56272
458040
21
246784
258
40384
10328
293736
192576
7
10472
122992
24
10448
10432
4
14552
10480
36256
10424
30
35760
28544
31400
24
5576
5576
5576
5576
5576
5576
173
1262
5679128
88896
14688
26816
21
2613
1435
407408
6
7
6264
16588
57
25
39440
23
42
53325
569
134744
9434
10584
153176
144008
48336
56144
376032
23
21
10408
14744
10496
16
17
18
16
26
35
21
21
21
17
20
17
17
16
40024
18856
27048
27568
83632
719832
616176
11
474
1197
1388
845
288
39392
17
10496
10944
32008
10368
10400
6256
10456
18768
10384
6328
23112
22872
93168
6
14616
47616
55816
55816
59912
59912
90152
7655
2567
14552
14520
14496
6328
60120
47696
18681
10456
31680
18800
18840
14656
18800
3
98424
58472
110928
5522392
5448504
5370552
5481168
5370552
2701352
4910
5350032
22968
5
31256
33
40
4245
4577
39608
31576
39896
48160
39888
93824
31576
93328
10432
142
19424
27248
130480
2369
858072
17452
60048
10352
23096
10408
333464
110776
93600
1452
29
1316
139712
189072
102464
10480
1184
23
16394
4524
55872
293936
10472
27616
211624
143736
143736
43544
106000
22152
14720
29776
1421
95
80
65792
14664
105136
60048
47584
575
537
645
22211
14592
117344
52112
23
6184
35296
24
95328
31184
26
1074520
9
150
278632
44817
13061
838
6799
60587
8
8923
31472
14560
2295
18744
41555
51904
14496
18720
14848
107144
10512
221400
221400
14728
1588
570
82504
95184
479408
158480
158480
169472
10
11068
14760
51696
14544
14592
29
18848
678488
720
503760
60008
89864
18992
43456
35248
657
7238
6440
10
43391
14296
37811
19290
10405
18832
14504
171496
17478
18
39400
530
43536
35232
4
50
155120
72904
36352
14824
15
22628
5297
15
4433
672
48112
65768
26478
3331
15
26
39600
47629
829
27176
6264
3122
3488
6320
35296
108192
6336
2088
2220
811
25771
40212
27
27
27
27
20
22
23824
743416
265488
10552
61304
27
10488
10552
6256
22832
27
6248
9402
19
14672
1287152
1132
6381
14824
15320
10408
43600
67952
323
241680
183768
15096
10
27240
47712
35248
50320
18768
1602
836
22
6208
210
401984
10400
27352
23
10352
29
35
37
34
31
137568
2703
7
7
7
7
7
43520
40200
20760
10456
97488
32256
19144
42624
31712
19888
14728
14944
14806
39267
15705
24129
28264
10229
19319
234
19104
18872
92360
32056
10320
3031
832016
26
612560
27104
16032
28816
37112
10336
1652
10440
60512
14720
14616
926688
10
10432
23224
18880
27392
14560
197176
35480
101104
23800
19704
14495
14672
15456
19824
10376
10416
22968
37680
59512
19680
7064
18776
26760
61696
15327
31536
10672
4965
33
14768
37648
58472
47728
27280
10744
658384
123504
16178
5044
22864
26065
31304
10432
10440
14696
22936
85520
40712
15240
4093
404624
108584
67904
18728
10592
10416
10696
10520
6304
10464
27
34
32728
14488
10448
28
27096
18720
31144
27040
14736
22
10432
315312
35232
10456
10456
14608
10440
73848
188952
86640
2953
155120
82144
82144
62568
167480
